0.669801 0.330199 0.000000 0.000000 0.000000 
0.000000 0.641061 0.358939 0.000000 0.000000 
0.000000 0.000000 0.727708 0.272292 0.000000 
0.000000 0.000000 0.000000 0.770531 0.229469 
0.000000 0.000000 0.000000 0.000000 1.000000 

0.614419 0.385581 0.000000 0.000000 0.000000 
0.000000 0.837160 0.162840 0.000000 0.000000 
0.000000 0.000000 0.743451 0.256549 0.000000 
0.000000 0.000000 0.000000 0.757017 0.242983 
0.000000 0.000000 0.000000 0.000000 1.000000 

0.337716 0.662284 0.000000 0.000000 0.000000 
0.000000 0.733388 0.266612 0.000000 0.000000 
0.000000 0.000000 0.656441 0.343559 0.000000 
0.000000 0.000000 0.000000 0.708684 0.291316 
0.000000 0.000000 0.000000 0.000000 1.000000 

0.799253 0.200747 0.000000 0.000000 0.000000 
0.000000 0.567818 0.432182 0.000000 0.000000 
0.000000 0.000000 0.875238 0.124762 0.000000 
0.000000 0.000000 0.000000 0.853317 0.146683 
0.000000 0.000000 0.000000 0.000000 1.000000 

0.509230 0.490770 0.000000 0.000000 0.000000 
0.000000 0.455400 0.544600 0.000000 0.000000 
0.000000 0.000000 0.626189 0.373811 0.000000 
0.000000 0.000000 0.000000 0.659981 0.340019 
0.000000 0.000000 0.000000 0.000000 1.000000 

0.360352 0.639648 0.000000 0.000000 0.000000 
0.000000 0.619000 0.381000 0.000000 0.000000 
0.000000 0.000000 0.749417 0.250583 0.000000 
0.000000 0.000000 0.000000 0.789124 0.210876 
0.000000 0.000000 0.000000 0.000000 1.000000 

0.614157 0.385843 0.000000 0.000000 0.000000 
0.000000 0.693973 0.306027 0.000000 0.000000 
0.000000 0.000000 0.768951 0.231049 0.000000 
0.000000 0.000000 0.000000 0.754979 0.245021 
0.000000 0.000000 0.000000 0.000000 1.000000 

0.573802 0.426198 0.000000 0.000000 0.000000 
0.000000 0.573702 0.426298 0.000000 0.000000 
0.000000 0.000000 0.602932 0.397068 0.000000 
0.000000 0.000000 0.000000 0.652112 0.347888 
0.000000 0.000000 0.000000 0.000000 1.000000 

0.596766 0.403234 0.000000 0.000000 0.000000 
0.000000 0.793585 0.206415 0.000000 0.000000 
0.000000 0.000000 0.716475 0.283525 0.000000 
0.000000 0.000000 0.000000 0.723502 0.276498 
0.000000 0.000000 0.000000 0.000000 1.000000 

0.667291 0.332709 0.000000 0.000000 0.000000 
0.000000 0.618271 0.381729 0.000000 0.000000 
0.000000 0.000000 0.548947 0.451053 0.000000 
0.000000 0.000000 0.000000 0.818207 0.181793 
0.000000 0.000000 0.000000 0.000000 1.000000 

